
     1  2  3  4  5  6  7  8  9 10
  A  0  0  0  0  0  0  0  0  0  0
  B  0  0  0  0  0  0  0  0  0  0
  C           0  0  0  0  0  0  0

teste:1 =  A4 | B4 | C4 | A5 |
teste:2 =  A1 | B1 | A2 |
teste:3 =  A6 |
teste:4 =  A7 | B7 | C7 | A8 | B8 |
teste:5 =  A9 | B9 |

     1  2  3  4  5  6  7  8  9 10
  A  2  2  0  1  1  3  4  4  5  0
  B  2  0  0  1  0  0  4  4  5  0
  C           1  0  0  4  0  0  0


     1  2  3  4  5  6  7  8  9 10
  A  2  2  0  1  1  0  4  4  5  0
  B  2  0  0  1  0  0  4  4  5  0
  C           1  0  0  4  0  0  0
